Locality,Dataset,Generalist_0,Low_Specialist_1,Moderate_Specialist_2,High_Specialist_3,Total_Specialists,Total_Species
BBN_A,Pasti Cerven,2,2,7,0,9,11
BBN_B,Pasti Cerven,3,4,6,0,10,13
BHN_A,Pasti Cerven,2,4,5,0,9,11
BHN_B,Pasti Cerven,0,4,1,0,5,5
BZN_A,Pasti Cerven,2,2,2,0,4,6
BZN_B,Pasti Cerven,0,2,6,0,8,8
BRK_A,Pasti Cerven,3,3,5,0,8,11
BRK_B,Pasti Cerven,1,6,2,0,8,9
DVR_A,Pasti Cerven,0,0,0,0,0,0
DVR_B,Pasti Cerven,4,0,3,1,4,8
HLN_A,Pasti Cerven,0,0,0,0,0,0
HLN_B,Pasti Cerven,0,0,0,0,0,0
HVZ_A,Pasti Cerven,4,1,6,1,8,12
HVZ_B,Pasti Cerven,5,3,1,2,6,11
HRD_A,Pasti Cerven,0,2,6,1,9,9
HRD_B,Pasti Cerven,1,5,2,0,7,8
HRC_A,Pasti Cerven,0,0,7,0,7,7
HRC_B,Pasti Cerven,1,4,3,1,8,9
CHV_A,Pasti Cerven,1,5,4,0,9,10
CHV_B,Pasti Cerven,3,5,7,1,13,16
KLS_A,Pasti Cerven,1,5,5,0,10,11
KLS_B,Pasti Cerven,0,1,3,0,4,4
KCD_A,Pasti Cerven,1,2,1,0,3,4
KCD_B,Pasti Cerven,2,6,0,0,6,8
KKL_A,Pasti Cerven,1,1,5,0,6,7
KKL_B,Pasti Cerven,0,4,3,0,7,7
LCL_A,Pasti Cerven,1,4,6,0,10,11
LCL_B,Pasti Cerven,1,5,8,0,13,14
LVJ_A,Pasti Cerven,2,2,2,0,4,6
LVJ_B,Pasti Cerven,0,3,5,0,8,8
NSV_A,Pasti Cerven,1,4,8,0,12,13
NSV_B,Pasti Cerven,0,4,3,0,7,7
OKL_A,Pasti Cerven,1,3,5,0,8,9
OKL_B,Pasti Cerven,0,5,4,0,9,9
NVS_A,Pasti Cerven,1,2,1,0,3,4
NVS_B,Pasti Cerven,0,1,3,0,4,4
PRZ_A,Pasti Cerven,1,4,7,0,11,12
PRZ_B,Pasti Cerven,0,4,6,0,10,10
PKV_A,Pasti Cerven,0,3,9,1,13,13
PKV_B,Pasti Cerven,0,0,0,0,0,0
RTR_A,Pasti Cerven,3,0,2,0,2,5
RTR_B,Pasti Cerven,1,0,0,0,0,1
STR_A,Pasti Cerven,0,1,4,0,5,5
STR_B,Pasti Cerven,2,3,9,2,14,16
SVD_A,Pasti Cerven,2,1,6,0,7,9
SVD_B,Pasti Cerven,0,2,5,0,7,7
SFR_A,Pasti Cerven,2,3,9,0,12,14
SFR_B,Pasti Cerven,3,3,4,0,7,10
VLS_A,Pasti Cerven,1,3,6,0,9,10
VLS_B,Pasti Cerven,1,6,5,0,11,12
VRJ_A,Pasti Cerven,0,6,6,0,12,12
VRJ_B,Pasti Cerven,1,3,0,0,3,4
ZHJ_A,Pasti Cerven,2,2,7,0,9,11
ZHJ_B,Pasti Cerven,2,2,6,0,8,10
ZLM_A,Pasti Cerven,1,1,3,0,4,5
ZLM_B,Pasti Cerven,1,3,0,0,3,4
ZMB_A,Pasti Cerven,0,0,0,0,0,0
ZMB_B,Pasti Cerven,3,2,3,0,5,8
ZMK_A,Pasti Cerven,0,0,0,0,0,0
ZMK_B,Pasti Cerven,0,0,0,0,0,0
BBN_A,Smyk Kveten,5,2,2,0,4,9
BBN_B,Smyk Kveten,4,5,2,0,7,11
BHN_A,Smyk Kveten,4,1,0,0,1,5
BHN_B,Smyk Kveten,3,1,3,0,4,7
BZN_A,Smyk Kveten,2,0,2,0,2,4
BZN_B,Smyk Kveten,4,1,2,0,3,7
BRK_A,Smyk Kveten,2,1,0,0,1,3
BRK_B,Smyk Kveten,5,1,2,0,3,8
DVR_A,Smyk Kveten,2,0,1,0,1,3
DVR_B,Smyk Kveten,4,1,0,0,1,5
HLN_A,Smyk Kveten,6,0,3,0,3,9
HLN_B,Smyk Kveten,1,0,1,0,1,2
HVZ_A,Smyk Kveten,4,2,2,0,4,8
HVZ_B,Smyk Kveten,5,3,0,0,3,8
HRD_A,Smyk Kveten,1,1,3,0,4,5
HRD_B,Smyk Kveten,4,1,3,0,4,8
HRC_A,Smyk Kveten,2,0,1,0,1,3
HRC_B,Smyk Kveten,2,0,1,0,1,3
CHV_A,Smyk Kveten,6,0,2,0,2,8
CHV_B,Smyk Kveten,5,0,1,0,1,6
KLS_A,Smyk Kveten,2,0,0,0,0,2
KLS_B,Smyk Kveten,2,1,0,0,1,3
KCD_A,Smyk Kveten,4,5,1,0,6,10
KCD_B,Smyk Kveten,3,1,1,0,2,5
KKL_A,Smyk Kveten,2,0,1,0,1,3
KKL_B,Smyk Kveten,4,1,4,0,5,9
LCL_A,Smyk Kveten,2,0,1,0,1,3
LCL_B,Smyk Kveten,2,3,1,0,4,6
LVJ_A,Smyk Kveten,3,1,0,0,1,4
LVJ_B,Smyk Kveten,3,3,3,0,6,9
NSV_A,Smyk Kveten,3,0,2,0,2,5
NSV_B,Smyk Kveten,3,0,0,0,0,3
OKL_A,Smyk Kveten,1,0,2,0,2,3
OKL_B,Smyk Kveten,2,0,1,0,1,3
NVS_A,Smyk Kveten,3,1,4,0,5,8
NVS_B,Smyk Kveten,1,0,2,0,2,3
PRZ_A,Smyk Kveten,0,1,3,1,5,5
PRZ_B,Smyk Kveten,0,0,1,0,1,1
PKV_A,Smyk Kveten,4,2,3,0,5,9
PKV_B,Smyk Kveten,4,4,1,0,5,9
RTR_A,Smyk Kveten,2,3,2,0,5,7
RTR_B,Smyk Kveten,6,1,0,0,1,7
STR_A,Smyk Kveten,5,2,1,0,3,8
STR_B,Smyk Kveten,7,2,0,0,2,9
SVD_A,Smyk Kveten,4,1,0,0,1,5
SVD_B,Smyk Kveten,4,1,0,0,1,5
SFR_A,Smyk Kveten,6,4,1,1,6,12
SFR_B,Smyk Kveten,3,1,1,0,2,5
VLS_A,Smyk Kveten,1,0,1,0,1,2
VLS_B,Smyk Kveten,2,0,1,0,1,3
VRJ_A,Smyk Kveten,5,2,1,0,3,8
VRJ_B,Smyk Kveten,1,1,0,0,1,2
ZHJ_A,Smyk Kveten,3,2,1,0,3,6
ZHJ_B,Smyk Kveten,3,3,1,0,4,7
ZLM_A,Smyk Kveten,2,2,2,0,4,6
ZLM_B,Smyk Kveten,2,3,1,0,4,6
ZMB_A,Smyk Kveten,5,3,1,0,4,9
ZMB_B,Smyk Kveten,1,0,1,0,1,2
ZMK_A,Smyk Kveten,10,0,1,0,1,11
ZMK_B,Smyk Kveten,1,3,1,0,4,5
BBN_A,Smyk Cerven,3,0,0,0,0,3
BBN_B,Smyk Cerven,5,0,0,0,0,5
BHN_A,Smyk Cerven,2,1,1,0,2,4
BHN_B,Smyk Cerven,0,0,1,0,1,1
BZN_A,Smyk Cerven,2,1,1,0,2,4
BZN_B,Smyk Cerven,2,2,2,0,4,6
BRK_A,Smyk Cerven,3,1,1,0,2,5
BRK_B,Smyk Cerven,4,2,1,0,3,7
DVR_A,Smyk Cerven,6,1,3,0,4,10
DVR_B,Smyk Cerven,5,0,0,0,0,5
HLN_A,Smyk Cerven,4,0,2,0,2,6
HLN_B,Smyk Cerven,1,1,2,0,3,4
HVZ_A,Smyk Cerven,5,0,0,0,0,5
HVZ_B,Smyk Cerven,4,1,1,0,2,6
HRD_A,Smyk Cerven,5,0,0,0,0,5
HRD_B,Smyk Cerven,4,1,1,0,2,6
HRC_A,Smyk Cerven,4,0,3,0,3,7
HRC_B,Smyk Cerven,1,0,0,0,0,1
CHV_A,Smyk Cerven,4,1,1,0,2,6
CHV_B,Smyk Cerven,4,2,1,0,3,7
KLS_A,Smyk Cerven,4,1,1,0,2,6
KLS_B,Smyk Cerven,1,0,2,0,2,3
KCD_A,Smyk Cerven,8,1,0,0,1,9
KCD_B,Smyk Cerven,2,0,1,0,1,3
KKL_A,Smyk Cerven,3,0,1,0,1,4
KKL_B,Smyk Cerven,6,1,2,0,3,9
LCL_A,Smyk Cerven,2,1,2,0,3,5
LCL_B,Smyk Cerven,1,0,2,0,2,3
LVJ_A,Smyk Cerven,2,1,0,0,1,3
LVJ_B,Smyk Cerven,4,0,2,0,2,6
NSV_A,Smyk Cerven,5,2,1,0,3,8
NSV_B,Smyk Cerven,0,0,0,0,0,0
OKL_A,Smyk Cerven,3,1,0,0,1,4
OKL_B,Smyk Cerven,4,0,1,0,1,5
NVS_A,Smyk Cerven,0,0,0,0,0,0
NVS_B,Smyk Cerven,0,0,0,0,0,0
PRZ_A,Smyk Cerven,0,0,0,0,0,0
PRZ_B,Smyk Cerven,2,0,0,0,0,2
PKV_A,Smyk Cerven,5,0,2,0,2,7
PKV_B,Smyk Cerven,1,1,0,0,1,2
RTR_A,Smyk Cerven,4,0,1,0,1,5
RTR_B,Smyk Cerven,1,1,0,0,1,2
STR_A,Smyk Cerven,2,2,2,0,4,6
STR_B,Smyk Cerven,4,1,1,0,2,6
SVD_A,Smyk Cerven,3,1,1,0,2,5
SVD_B,Smyk Cerven,7,0,2,0,2,9
SFR_A,Smyk Cerven,4,0,0,0,0,4
SFR_B,Smyk Cerven,4,2,0,0,2,6
VLS_A,Smyk Cerven,6,1,2,0,3,9
VLS_B,Smyk Cerven,3,0,1,0,1,4
VRJ_A,Smyk Cerven,3,0,1,0,1,4
VRJ_B,Smyk Cerven,3,2,1,0,3,6
ZHJ_A,Smyk Cerven,4,1,2,0,3,7
ZHJ_B,Smyk Cerven,5,1,1,0,2,7
ZLM_A,Smyk Cerven,6,0,2,0,2,8
ZLM_B,Smyk Cerven,4,2,1,0,3,7
ZMB_A,Smyk Cerven,2,1,1,1,3,5
ZMB_B,Smyk Cerven,1,1,2,0,3,4
ZMK_A,Smyk Cerven,4,1,0,0,1,5
ZMK_B,Smyk Cerven,3,1,0,0,1,4
BBN_A,Pasti Kveten,0,3,6,0,9,9
BBN_B,Pasti Kveten,2,5,4,0,9,11
BHN_A,Pasti Kveten,3,5,5,0,10,13
BHN_B,Pasti Kveten,5,7,7,0,14,19
BZN_A,Pasti Kveten,0,0,2,0,2,2
BZN_B,Pasti Kveten,0,1,5,0,6,6
BRK_A,Pasti Kveten,4,4,4,0,8,12
BRK_B,Pasti Kveten,3,2,3,0,5,8
DVR_A,Pasti Kveten,4,2,5,0,7,11
DVR_B,Pasti Kveten,2,3,5,1,9,11
HLN_A,Pasti Kveten,2,4,6,1,11,13
HLN_B,Pasti Kveten,1,4,3,0,7,8
HVZ_A,Pasti Kveten,4,3,4,1,8,12
HVZ_B,Pasti Kveten,5,8,3,2,13,18
HRD_A,Pasti Kveten,2,5,6,0,11,13
HRD_B,Pasti Kveten,1,4,8,0,12,13
HRC_A,Pasti Kveten,0,3,7,0,10,10
HRC_B,Pasti Kveten,2,2,6,0,8,10
CHV_A,Pasti Kveten,1,5,4,1,10,11
CHV_B,Pasti Kveten,4,7,8,1,16,20
KLS_A,Pasti Kveten,1,4,7,0,11,12
KLS_B,Pasti Kveten,1,5,5,0,10,11
KCD_A,Pasti Kveten,1,5,3,0,8,9
KCD_B,Pasti Kveten,3,6,1,0,7,10
KKL_A,Pasti Kveten,1,5,3,0,8,9
KKL_B,Pasti Kveten,1,3,7,1,11,12
LCL_A,Pasti Kveten,1,4,8,0,12,13
LCL_B,Pasti Kveten,0,3,3,0,6,6
LVJ_A,Pasti Kveten,4,4,7,0,11,15
LVJ_B,Pasti Kveten,0,5,7,0,12,12
NSV_A,Pasti Kveten,1,3,7,0,10,11
NSV_B,Pasti Kveten,1,3,5,0,8,9
OKL_A,Pasti Kveten,2,5,5,0,10,12
OKL_B,Pasti Kveten,1,7,8,0,15,16
NVS_A,Pasti Kveten,2,0,1,0,1,3
NVS_B,Pasti Kveten,0,2,2,0,4,4
PRZ_A,Pasti Kveten,1,3,9,0,12,13
PRZ_B,Pasti Kveten,0,0,5,0,5,5
PKV_A,Pasti Kveten,3,6,6,1,13,16
PKV_B,Pasti Kveten,3,4,3,0,7,10
RTR_A,Pasti Kveten,4,5,2,1,8,12
RTR_B,Pasti Kveten,1,5,2,0,7,8
STR_A,Pasti Kveten,1,2,9,0,11,12
STR_B,Pasti Kveten,2,3,8,0,11,13
SVD_A,Pasti Kveten,3,6,5,0,11,14
SVD_B,Pasti Kveten,2,4,5,0,9,11
SFR_A,Pasti Kveten,1,4,6,0,10,11
SFR_B,Pasti Kveten,1,5,4,0,9,10
VLS_A,Pasti Kveten,1,4,6,0,10,11
VLS_B,Pasti Kveten,3,3,7,0,10,13
VRJ_A,Pasti Kveten,2,6,6,0,12,14
VRJ_B,Pasti Kveten,3,6,1,0,7,10
ZHJ_A,Pasti Kveten,0,3,6,0,9,9
ZHJ_B,Pasti Kveten,0,3,5,0,8,8
ZLM_A,Pasti Kveten,1,3,4,0,7,8
ZLM_B,Pasti Kveten,3,5,2,0,7,10
ZMB_A,Pasti Kveten,3,4,6,0,10,13
ZMB_B,Pasti Kveten,1,0,5,0,5,6
ZMK_A,Pasti Kveten,5,6,4,1,11,16
ZMK_B,Pasti Kveten,6,5,7,1,13,19
BBN_A,All Combined,9,5,10,0,15,24
BBN_B,All Combined,10,11,9,0,20,30
BHN_A,All Combined,8,7,9,0,16,24
BHN_B,All Combined,8,8,10,0,18,26
BZN_A,All Combined,4,3,6,0,9,13
BZN_B,All Combined,5,4,14,0,18,23
BRK_A,All Combined,10,5,6,0,11,21
BRK_B,All Combined,12,9,6,0,15,27
DVR_A,All Combined,10,3,9,0,12,22
DVR_B,All Combined,12,4,6,1,11,23
HLN_A,All Combined,10,4,9,1,14,24
HLN_B,All Combined,3,4,6,0,10,13
HVZ_A,All Combined,12,6,11,1,18,30
HVZ_B,All Combined,17,12,5,2,19,36
HRD_A,All Combined,8,7,12,1,20,28
HRD_B,All Combined,8,9,12,0,21,29
HRC_A,All Combined,6,3,16,0,19,25
HRC_B,All Combined,6,5,7,1,13,19
CHV_A,All Combined,9,9,8,1,18,27
CHV_B,All Combined,12,10,14,1,25,37
KLS_A,All Combined,5,7,9,0,16,21
KLS_B,All Combined,3,6,8,0,14,17
KCD_A,All Combined,14,10,5,0,15,29
KCD_B,All Combined,8,10,2,0,12,20
KKL_A,All Combined,7,6,9,0,15,22
KKL_B,All Combined,10,8,12,1,21,31
LCL_A,All Combined,5,7,14,0,21,26
LCL_B,All Combined,4,8,11,0,19,23
LVJ_A,All Combined,9,6,7,0,13,22
LVJ_B,All Combined,6,9,16,0,25,31
NSV_A,All Combined,9,6,14,0,20,29
NSV_B,All Combined,4,5,7,0,12,16
OKL_A,All Combined,5,7,8,0,15,20
OKL_B,All Combined,5,8,11,0,19,24
NVS_A,All Combined,5,3,6,0,9,14
NVS_B,All Combined,1,2,6,0,8,9
PRZ_A,All Combined,2,7,15,1,23,25
PRZ_B,All Combined,2,4,9,0,13,15
PKV_A,All Combined,12,9,16,1,26,38
PKV_B,All Combined,7,8,4,0,12,19
RTR_A,All Combined,11,8,5,1,14,25
RTR_B,All Combined,7,5,2,0,7,14
STR_A,All Combined,7,6,11,0,17,24
STR_B,All Combined,12,7,15,2,24,36
SVD_A,All Combined,10,8,9,0,17,27
SVD_B,All Combined,12,6,8,0,14,26
SFR_A,All Combined,9,7,11,1,19,28
SFR_B,All Combined,9,8,7,0,15,24
VLS_A,All Combined,7,7,11,0,18,25
VLS_B,All Combined,7,7,12,0,19,26
VRJ_A,All Combined,10,11,8,0,19,29
VRJ_B,All Combined,7,9,2,0,11,18
ZHJ_A,All Combined,7,6,13,0,19,26
ZHJ_B,All Combined,9,8,9,0,17,26
ZLM_A,All Combined,10,5,9,0,14,24
ZLM_B,All Combined,8,11,3,0,14,22
ZMB_A,All Combined,9,7,8,1,16,25
ZMB_B,All Combined,6,3,8,0,11,17
ZMK_A,All Combined,19,7,5,1,13,32
ZMK_B,All Combined,10,8,8,1,17,27
BBN_A,Smyk Method,7,2,2,0,4,11
BBN_B,Smyk Method,6,5,2,0,7,13
BHN_A,Smyk Method,5,1,1,0,2,7
BHN_B,Smyk Method,3,1,3,0,4,7
BZN_A,Smyk Method,2,1,2,0,3,5
BZN_B,Smyk Method,5,2,4,0,6,11
BRK_A,Smyk Method,5,1,1,0,2,7
BRK_B,Smyk Method,8,3,2,0,5,13
DVR_A,Smyk Method,6,1,4,0,5,11
DVR_B,Smyk Method,8,1,0,0,1,9
HLN_A,Smyk Method,8,0,3,0,3,11
HLN_B,Smyk Method,2,1,3,0,4,6
HVZ_A,Smyk Method,8,2,2,0,4,12
HVZ_B,Smyk Method,9,4,1,0,5,14
HRD_A,Smyk Method,6,1,3,0,4,10
HRD_B,Smyk Method,6,2,3,0,5,11
HRC_A,Smyk Method,6,0,4,0,4,10
HRC_B,Smyk Method,3,0,1,0,1,4
CHV_A,Smyk Method,8,1,2,0,3,11
CHV_B,Smyk Method,7,2,2,0,4,11
KLS_A,Smyk Method,4,1,1,0,2,6
KLS_B,Smyk Method,2,1,2,0,3,5
KCD_A,Smyk Method,12,5,1,0,6,18
KCD_B,Smyk Method,5,1,1,0,2,7
KKL_A,Smyk Method,5,0,2,0,2,7
KKL_B,Smyk Method,9,2,5,0,7,16
LCL_A,Smyk Method,3,1,3,0,4,7
LCL_B,Smyk Method,3,3,2,0,5,8
LVJ_A,Smyk Method,4,2,0,0,2,6
LVJ_B,Smyk Method,6,3,5,0,8,14
NSV_A,Smyk Method,7,2,2,0,4,11
NSV_B,Smyk Method,3,0,0,0,0,3
OKL_A,Smyk Method,3,1,2,0,3,6
OKL_B,Smyk Method,4,0,2,0,2,6
NVS_A,Smyk Method,3,1,4,0,5,8
NVS_B,Smyk Method,1,0,2,0,2,3
PRZ_A,Smyk Method,0,1,3,1,5,5
PRZ_B,Smyk Method,2,0,1,0,1,3
PKV_A,Smyk Method,9,2,4,0,6,15
PKV_B,Smyk Method,4,4,1,0,5,9
RTR_A,Smyk Method,5,3,2,0,5,10
RTR_B,Smyk Method,6,2,0,0,2,8
STR_A,Smyk Method,6,4,2,0,6,12
STR_B,Smyk Method,8,3,1,0,4,12
SVD_A,Smyk Method,7,1,1,0,2,9
SVD_B,Smyk Method,10,1,2,0,3,13
SFR_A,Smyk Method,8,4,1,1,6,14
SFR_B,Smyk Method,6,3,1,0,4,10
VLS_A,Smyk Method,6,1,2,0,3,9
VLS_B,Smyk Method,4,0,2,0,2,6
VRJ_A,Smyk Method,8,2,2,0,4,12
VRJ_B,Smyk Method,4,3,1,0,4,8
ZHJ_A,Smyk Method,5,3,2,0,5,10
ZHJ_B,Smyk Method,7,4,1,0,5,12
ZLM_A,Smyk Method,8,2,4,0,6,14
ZLM_B,Smyk Method,5,5,2,0,7,12
ZMB_A,Smyk Method,6,4,2,1,7,13
ZMB_B,Smyk Method,2,1,2,0,3,5
ZMK_A,Smyk Method,14,1,1,0,2,16
ZMK_B,Smyk Method,4,3,1,0,4,8
BBN_A,Pasti Method,2,4,8,0,12,14
BBN_B,Pasti Method,4,7,7,0,14,18
BHN_A,Pasti Method,3,6,8,0,14,17
BHN_B,Pasti Method,5,7,8,0,15,20
BZN_A,Pasti Method,2,2,4,0,6,8
BZN_B,Pasti Method,0,2,10,0,12,12
BRK_A,Pasti Method,5,4,5,0,9,14
BRK_B,Pasti Method,4,6,4,0,10,14
DVR_A,Pasti Method,4,2,5,0,7,11
DVR_B,Pasti Method,4,3,6,1,10,14
HLN_A,Pasti Method,2,4,6,1,11,13
HLN_B,Pasti Method,1,4,3,0,7,8
HVZ_A,Pasti Method,6,4,9,1,14,20
HVZ_B,Pasti Method,8,9,4,2,15,23
HRD_A,Pasti Method,2,6,10,1,17,19
HRD_B,Pasti Method,2,7,10,0,17,19
HRC_A,Pasti Method,0,3,13,0,16,16
HRC_B,Pasti Method,3,5,6,1,12,15
CHV_A,Pasti Method,1,8,6,1,15,16
CHV_B,Pasti Method,6,8,12,1,21,27
KLS_A,Pasti Method,1,7,8,0,15,16
KLS_B,Pasti Method,1,6,6,0,12,13
KCD_A,Pasti Method,2,6,4,0,10,12
KCD_B,Pasti Method,4,9,1,0,10,14
KKL_A,Pasti Method,2,6,7,0,13,15
KKL_B,Pasti Method,1,6,7,1,14,15
LCL_A,Pasti Method,2,6,11,0,17,19
LCL_B,Pasti Method,1,5,9,0,14,15
LVJ_A,Pasti Method,5,4,7,0,11,16
LVJ_B,Pasti Method,0,7,11,0,18,18
NSV_A,Pasti Method,2,5,12,0,17,19
NSV_B,Pasti Method,1,5,7,0,12,13
OKL_A,Pasti Method,2,6,7,0,13,15
OKL_B,Pasti Method,1,8,9,0,17,18
NVS_A,Pasti Method,2,2,2,0,4,6
NVS_B,Pasti Method,0,2,4,0,6,6
PRZ_A,Pasti Method,2,6,12,0,18,20
PRZ_B,Pasti Method,0,4,8,0,12,12
PKV_A,Pasti Method,3,7,12,1,20,23
PKV_B,Pasti Method,3,4,3,0,7,10
RTR_A,Pasti Method,6,5,3,1,9,15
RTR_B,Pasti Method,2,5,2,0,7,9
STR_A,Pasti Method,1,2,9,0,11,12
STR_B,Pasti Method,4,4,14,2,20,24
SVD_A,Pasti Method,4,7,8,0,15,19
SVD_B,Pasti Method,2,5,6,0,11,13
SFR_A,Pasti Method,2,5,10,0,15,17
SFR_B,Pasti Method,3,6,6,0,12,15
VLS_A,Pasti Method,2,6,9,0,15,17
VLS_B,Pasti Method,3,7,10,0,17,20
VRJ_A,Pasti Method,2,9,7,0,16,18
VRJ_B,Pasti Method,3,6,1,0,7,10
ZHJ_A,Pasti Method,2,4,11,0,15,17
ZHJ_B,Pasti Method,2,4,8,0,12,14
ZLM_A,Pasti Method,2,3,6,0,9,11
ZLM_B,Pasti Method,3,6,2,0,8,11
ZMB_A,Pasti Method,3,4,6,0,10,13
ZMB_B,Pasti Method,4,2,6,0,8,12
ZMK_A,Pasti Method,5,6,4,1,11,16
ZMK_B,Pasti Method,6,5,7,1,13,19
BBN_A,Kveten Month,5,4,8,0,12,17
BBN_B,Kveten Month,6,9,6,0,15,21
BHN_A,Kveten Month,7,6,5,0,11,18
BHN_B,Kveten Month,8,8,9,0,17,25
BZN_A,Kveten Month,2,0,4,0,4,6
BZN_B,Kveten Month,4,2,7,0,9,13
BRK_A,Kveten Month,6,5,4,0,9,15
BRK_B,Kveten Month,8,3,5,0,8,16
DVR_A,Kveten Month,6,2,6,0,8,14
DVR_B,Kveten Month,6,4,5,1,10,16
HLN_A,Kveten Month,8,4,9,1,14,22
HLN_B,Kveten Month,2,4,4,0,8,10
HVZ_A,Kveten Month,6,5,6,1,12,18
HVZ_B,Kveten Month,10,11,3,2,16,26
HRD_A,Kveten Month,3,6,8,0,14,17
HRD_B,Kveten Month,5,5,10,0,15,20
HRC_A,Kveten Month,2,3,8,0,11,13
HRC_B,Kveten Month,4,2,7,0,9,13
CHV_A,Kveten Month,7,5,6,1,12,19
CHV_B,Kveten Month,9,7,9,1,17,26
KLS_A,Kveten Month,3,4,7,0,11,14
KLS_B,Kveten Month,3,5,5,0,10,13
KCD_A,Kveten Month,5,9,4,0,13,18
KCD_B,Kveten Month,6,7,2,0,9,15
KKL_A,Kveten Month,3,5,4,0,9,12
KKL_B,Kveten Month,5,4,11,1,16,21
LCL_A,Kveten Month,3,4,9,0,13,16
LCL_B,Kveten Month,2,6,4,0,10,12
LVJ_A,Kveten Month,7,5,7,0,12,19
LVJ_B,Kveten Month,3,8,10,0,18,21
NSV_A,Kveten Month,4,3,9,0,12,16
NSV_B,Kveten Month,4,3,5,0,8,12
OKL_A,Kveten Month,3,5,6,0,11,14
OKL_B,Kveten Month,3,7,9,0,16,19
NVS_A,Kveten Month,5,1,5,0,6,11
NVS_B,Kveten Month,1,2,4,0,6,7
PRZ_A,Kveten Month,1,4,12,1,17,18
PRZ_B,Kveten Month,0,0,6,0,6,6
PKV_A,Kveten Month,7,8,9,1,18,25
PKV_B,Kveten Month,7,8,4,0,12,19
RTR_A,Kveten Month,6,8,4,1,13,19
RTR_B,Kveten Month,7,5,2,0,7,14
STR_A,Kveten Month,6,4,10,0,14,20
STR_B,Kveten Month,9,5,8,0,13,22
SVD_A,Kveten Month,7,7,5,0,12,19
SVD_B,Kveten Month,6,5,5,0,10,16
SFR_A,Kveten Month,7,6,7,1,14,21
SFR_B,Kveten Month,4,5,5,0,10,14
VLS_A,Kveten Month,2,4,7,0,11,13
VLS_B,Kveten Month,5,3,8,0,11,16
VRJ_A,Kveten Month,7,8,6,0,14,21
VRJ_B,Kveten Month,4,7,1,0,8,12
ZHJ_A,Kveten Month,3,4,7,0,11,14
ZHJ_B,Kveten Month,3,6,6,0,12,15
ZLM_A,Kveten Month,3,5,6,0,11,14
ZLM_B,Kveten Month,5,8,2,0,10,15
ZMB_A,Kveten Month,8,6,7,0,13,21
ZMB_B,Kveten Month,2,0,6,0,6,8
ZMK_A,Kveten Month,15,6,5,1,12,27
ZMK_B,Kveten Month,7,8,8,1,17,24
BBN_A,Cerven Month,5,2,7,0,9,14
BBN_B,Cerven Month,8,4,6,0,10,18
BHN_A,Cerven Month,4,5,6,0,11,15
BHN_B,Cerven Month,0,4,2,0,6,6
BZN_A,Cerven Month,4,3,3,0,6,10
BZN_B,Cerven Month,2,4,8,0,12,14
BRK_A,Cerven Month,6,4,6,0,10,16
BRK_B,Cerven Month,5,8,3,0,11,16
DVR_A,Cerven Month,6,1,3,0,4,10
DVR_B,Cerven Month,9,0,3,1,4,13
HLN_A,Cerven Month,4,0,2,0,2,6
HLN_B,Cerven Month,1,1,2,0,3,4
HVZ_A,Cerven Month,9,1,6,1,8,17
HVZ_B,Cerven Month,9,3,2,2,7,16
HRD_A,Cerven Month,5,2,6,1,9,14
HRD_B,Cerven Month,5,6,3,0,9,14
HRC_A,Cerven Month,4,0,10,0,10,14
HRC_B,Cerven Month,2,4,3,1,8,10
CHV_A,Cerven Month,5,6,5,0,11,16
CHV_B,Cerven Month,7,7,8,1,16,23
KLS_A,Cerven Month,5,6,6,0,12,17
KLS_B,Cerven Month,1,1,5,0,6,7
KCD_A,Cerven Month,9,3,1,0,4,13
KCD_B,Cerven Month,3,6,1,0,7,10
KKL_A,Cerven Month,4,1,6,0,7,11
KKL_B,Cerven Month,6,5,5,0,10,16
LCL_A,Cerven Month,3,5,8,0,13,16
LCL_B,Cerven Month,2,5,10,0,15,17
LVJ_A,Cerven Month,4,3,2,0,5,9
LVJ_B,Cerven Month,4,3,7,0,10,14
NSV_A,Cerven Month,6,5,9,0,14,20
NSV_B,Cerven Month,0,4,3,0,7,7
OKL_A,Cerven Month,4,4,5,0,9,13
OKL_B,Cerven Month,4,5,5,0,10,14
NVS_A,Cerven Month,1,2,1,0,3,4
NVS_B,Cerven Month,0,1,3,0,4,4
PRZ_A,Cerven Month,1,4,7,0,11,12
PRZ_B,Cerven Month,2,4,6,0,10,12
PKV_A,Cerven Month,5,3,11,1,15,20
PKV_B,Cerven Month,1,1,0,0,1,2
RTR_A,Cerven Month,7,0,3,0,3,10
RTR_B,Cerven Month,2,1,0,0,1,3
STR_A,Cerven Month,2,3,6,0,9,11
STR_B,Cerven Month,6,4,10,2,16,22
SVD_A,Cerven Month,4,2,7,0,9,13
SVD_B,Cerven Month,7,2,7,0,9,16
SFR_A,Cerven Month,6,3,9,0,12,18
SFR_B,Cerven Month,7,5,4,0,9,16
VLS_A,Cerven Month,6,4,8,0,12,18
VLS_B,Cerven Month,4,6,6,0,12,16
VRJ_A,Cerven Month,3,6,7,0,13,16
VRJ_B,Cerven Month,4,5,1,0,6,10
ZHJ_A,Cerven Month,6,3,9,0,12,18
ZHJ_B,Cerven Month,7,3,7,0,10,17
ZLM_A,Cerven Month,7,1,5,0,6,13
ZLM_B,Cerven Month,5,5,1,0,6,11
ZMB_A,Cerven Month,2,1,1,1,3,5
ZMB_B,Cerven Month,4,3,5,0,8,12
ZMK_A,Cerven Month,4,1,0,0,1,5
ZMK_B,Cerven Month,3,1,0,0,1,4
